80 996
0 10 91
0 11 94
0 12 0
0 13 90
0 14 81
0 15 52
0 16 37
0 17 34
0 18 87
0 19 39
0 20 65
0 21 87
1 10 6
1 11 85
1 12 86
1 13 36
1 14 26
1 15 76
1 16 21
1 17 56
1 18 22
1 19 9
1 20 69
1 21 39
2 10 37
2 11 73
2 12 8
2 13 90
2 14 17
2 15 16
2 16 60
2 17 28
2 18 39
2 19 81
2 20 94
2 21 18
3 10 72
3 11 46
3 12 55
3 13 1
3 14 75
3 15 36
3 16 32
3 17 71
3 18 65
3 19 89
3 20 7
3 21 66
4 10 62
4 11 48
4 12 95
4 13 52
4 14 22
4 15 60
4 16 64
4 17 56
4 18 36
4 19 50
4 20 91
4 21 7
5 10 64
5 11 25
5 12 19
5 13 50
5 14 60
5 15 36
5 16 98
5 17 93
5 18 10
5 19 49
5 20 83
5 21 0
6 10 55
6 11 16
6 12 97
6 13 65
6 14 83
6 15 56
6 16 66
6 17 48
6 18 0
6 19 53
6 20 32
6 21 95
7 10 0
7 11 54
7 12 14
7 13 76
7 14 30
7 15 12
7 16 19
7 17 47
7 18 91
7 19 15
7 20 67
7 21 13
8 10 58
8 11 77
8 12 31
8 13 59
8 14 22
8 15 13
8 16 6
8 17 16
8 18 22
8 19 65
8 20 77
8 21 42
9 10 18
9 11 18
9 12 2
9 13 31
9 14 88
9 15 22
9 16 34
9 17 6
9 18 85
9 19 61
9 20 50
9 21 29
10 22 55
10 23 50
10 24 83
10 25 74
10 26 72
10 27 51
10 28 38
10 29 9
10 30 17
10 31 81
10 32 80
10 33 50
10 34 22
10 35 76
10 36 36
10 37 63
10 38 30
10 39 11
11 22 32
11 23 2
11 24 79
11 25 97
11 26 1
11 27 33
11 28 3
11 29 69
11 30 61
11 31 58
11 32 65
11 33 55
11 34 87
11 35 33
11 36 10
11 37 90
11 38 88
11 39 57
12 22 61
12 23 33
12 24 88
12 25 23
12 26 84
12 27 93
12 28 37
12 29 81
12 30 50
12 31 56
12 32 93
12 33 27
12 34 97
12 35 43
12 36 54
12 37 38
12 38 48
12 39 39
13 22 53
13 23 78
13 24 31
13 25 34
13 26 86
13 27 55
13 28 4
13 29 64
13 30 97
13 31 41
13 32 42
13 33 90
13 34 30
13 35 58
13 36 94
13 37 49
13 38 77
13 39 22
14 22 74
14 23 12
14 24 79
14 25 75
14 26 78
14 27 46
14 28 63
14 29 5
14 30 53
14 31 12
14 32 39
14 33 38
14 34 91
14 35 38
14 36 90
14 37 1
14 38 88
14 39 16
15 22 76
15 23 75
15 24 81
15 25 42
15 26 50
15 27 87
15 28 56
15 29 47
15 30 24
15 31 17
15 32 64
15 33 94
15 34 37
15 35 75
15 36 34
15 37 65
15 38 14
15 39 3
16 22 82
16 23 71
16 24 89
16 25 85
16 26 24
16 27 27
16 28 40
16 29 66
16 30 58
16 31 52
16 32 92
16 33 38
16 34 99
16 35 9
16 36 63
16 37 35
16 38 75
16 39 79
17 22 68
17 23 89
17 24 8
17 25 19
17 26 58
17 27 29
17 28 22
17 29 13
17 30 44
17 31 83
17 32 44
17 33 72
17 34 6
17 35 34
17 36 89
17 37 89
17 38 30
17 39 73
18 22 61
18 23 77
18 24 56
18 25 24
18 26 87
18 27 48
18 28 45
18 29 6
18 30 91
18 31 86
18 32 40
18 33 82
18 34 33
18 35 1
18 36 37
18 37 85
18 38 79
18 39 37
19 22 93
19 23 97
19 24 75
19 25 10
19 26 7
19 27 63
19 28 58
19 29 40
19 30 1
19 31 76
19 32 77
19 33 9
19 34 74
19 35 97
19 36 82
19 37 43
19 38 78
19 39 46
20 22 10
20 23 84
20 24 31
20 25 28
20 26 62
20 27 34
20 28 81
20 29 36
20 30 50
20 31 53
20 32 72
20 33 83
20 34 34
20 35 86
20 36 3
20 37 4
20 38 5
20 39 7
21 22 26
21 23 89
21 24 36
21 25 48
21 26 12
21 27 86
21 28 75
21 29 6
21 30 75
21 31 28
21 32 99
21 33 63
21 34 55
21 35 24
21 36 97
21 37 64
21 38 9
21 39 31
22 40 77
22 41 93
22 42 48
22 43 13
22 44 100
22 45 86
22 46 81
22 47 4
22 48 97
22 49 17
22 50 18
22 51 64
22 52 19
22 53 48
22 54 96
22 55 48
22 56 93
22 57 80
23 40 55
23 41 66
23 42 0
23 43 42
23 44 57
23 45 36
23 46 56
23 47 31
23 48 75
23 49 42
23 50 20
23 51 5
23 52 26
23 53 87
23 54 82
23 55 7
23 56 50
23 57 62
24 40 2
24 41 40
24 42 35
24 43 7
24 44 43
24 45 88
24 46 49
24 47 9
24 48 56
24 49 52
24 50 70
24 51 86
24 52 45
24 53 32
24 54 69
24 55 65
24 56 1
24 57 22
25 40 70
25 41 81
25 42 54
25 43 73
25 44 70
25 45 83
25 46 46
25 47 30
25 48 74
25 49 2
25 50 95
25 51 90
25 52 90
25 53 84
25 54 59
25 55 72
25 56 43
25 57 30
26 40 91
26 41 14
26 42 79
26 43 41
26 44 28
26 45 15
26 46 35
26 47 21
26 48 0
26 49 48
26 50 31
26 51 15
26 52 77
26 53 22
26 54 87
26 55 17
26 56 47
26 57 36
27 40 84
27 41 66
27 42 15
27 43 30
27 44 77
27 45 20
27 46 62
27 47 27
27 48 84
27 49 84
27 50 30
27 51 18
27 52 2
27 53 29
27 54 68
27 55 28
27 56 24
27 57 2
28 40 53
28 41 48
28 42 51
28 43 82
28 44 69
28 45 88
28 46 1
28 47 95
28 48 15
28 49 53
28 50 8
28 51 83
28 52 94
28 53 94
28 54 55
28 55 49
28 56 46
28 57 62
29 40 54
29 41 20
29 42 10
29 43 80
29 44 77
29 45 13
29 46 39
29 47 34
29 48 9
29 49 33
29 50 8
29 51 23
29 52 62
29 53 35
29 54 45
29 55 27
29 56 68
29 57 59
30 40 6
30 41 15
30 42 78
30 43 52
30 44 41
30 45 91
30 46 6
30 47 19
30 48 57
30 49 40
30 50 58
30 51 86
30 52 51
30 53 13
30 54 44
30 55 8
30 56 69
30 57 67
31 40 35
31 41 80
31 42 20
31 43 99
31 44 40
31 45 38
31 46 8
31 47 39
31 48 11
31 49 52
31 50 94
31 51 54
31 52 65
31 53 29
31 54 96
31 55 53
31 56 32
31 57 7
32 40 47
32 41 4
32 42 1
32 43 5
32 44 13
32 45 19
32 46 49
32 47 85
32 48 57
32 49 97
32 50 24
32 51 85
32 52 30
32 53 69
32 54 52
32 55 38
32 56 1
32 57 67
33 40 93
33 41 12
33 42 9
33 43 91
33 44 76
33 45 39
33 46 23
33 47 69
33 48 94
33 49 62
33 50 21
33 51 34
33 52 66
33 53 6
33 54 6
33 55 90
33 56 74
33 57 1
34 40 83
34 41 10
34 42 25
34 43 94
34 44 43
34 45 36
34 46 11
34 47 73
34 48 99
34 49 20
34 50 86
34 51 88
34 52 36
34 53 5
34 54 88
34 55 58
34 56 60
34 57 80
35 40 47
35 41 28
35 42 27
35 43 60
35 44 63
35 45 33
35 46 6
35 47 27
35 48 78
35 49 66
35 50 18
35 51 73
35 52 6
35 53 69
35 54 44
35 55 31
35 56 73
35 57 51
36 40 26
36 41 42
36 42 90
36 43 58
36 44 37
36 45 18
36 46 9
36 47 93
36 48 77
36 49 45
36 50 30
36 51 8
36 52 0
36 53 0
36 54 72
36 55 67
36 56 28
36 57 78
37 40 55
37 41 45
37 42 45
37 43 68
37 44 20
37 45 92
37 46 26
37 47 96
37 48 8
37 49 71
37 50 10
37 51 79
37 52 49
37 53 98
37 54 44
37 55 77
37 56 89
37 57 82
38 40 52
38 41 62
38 42 24
38 43 52
38 44 43
38 45 6
38 46 50
38 47 80
38 48 32
38 49 88
38 50 36
38 51 58
38 52 91
38 53 95
38 54 80
38 55 75
38 56 34
38 57 8
39 40 25
39 41 95
39 42 35
39 43 25
39 44 97
39 45 50
39 46 79
39 47 48
39 48 22
39 49 54
39 50 75
39 51 45
39 52 66
39 53 2
39 54 19
39 55 84
39 56 21
39 57 26
40 58 10
40 59 80
40 60 95
40 61 80
40 62 46
40 63 58
40 64 7
40 65 43
40 66 78
40 67 3
40 68 5
40 69 44
41 58 84
41 59 48
41 60 92
41 61 91
41 62 80
41 63 57
41 64 77
41 65 99
41 66 29
41 67 26
41 68 68
41 69 52
42 58 58
42 59 28
42 60 14
42 61 58
42 62 64
42 63 92
42 64 93
42 65 39
42 66 0
42 67 61
42 68 67
42 69 44
43 58 49
43 59 37
43 60 17
43 61 5
43 62 88
43 63 77
43 64 12
43 65 22
43 66 83
43 67 15
43 68 11
43 69 19
44 58 45
44 59 30
44 60 40
44 61 49
44 62 80
44 63 88
44 64 20
44 65 46
44 66 98
44 67 55
44 68 59
44 69 7
45 58 90
45 59 41
45 60 6
45 61 54
45 62 11
45 63 52
45 64 77
45 65 69
45 66 22
45 67 80
45 68 34
45 69 71
46 58 1
46 59 43
46 60 67
46 61 50
46 62 37
46 63 8
46 64 87
46 65 96
46 66 82
46 67 72
46 68 67
46 69 41
47 58 50
47 59 51
47 60 52
47 61 52
47 62 44
47 63 55
47 64 68
47 65 29
47 66 26
47 67 32
47 68 26
47 69 21
48 58 11
48 59 43
48 60 50
48 61 19
48 62 23
48 63 90
48 64 87
48 65 65
48 66 15
48 67 53
48 68 6
48 69 99
49 58 49
49 59 1
49 60 94
49 61 92
49 62 43
49 63 0
49 64 83
49 65 51
49 66 34
49 67 37
49 68 15
49 69 95
50 58 16
50 59 70
50 60 7
50 61 29
50 62 79
50 63 94
50 64 36
50 65 58
50 66 10
50 67 34
50 68 12
50 69 16
51 58 90
51 59 94
51 60 30
51 61 12
51 62 43
51 63 35
51 64 0
51 65 94
51 66 57
51 67 14
51 68 35
51 69 77
52 58 43
52 59 1
52 60 62
52 61 23
52 62 58
52 63 66
52 64 44
52 65 49
52 66 70
52 67 32
52 68 71
52 69 88
53 58 42
53 59 85
53 60 54
53 61 41
53 62 31
53 63 4
53 64 82
53 65 26
53 66 33
53 67 68
53 68 63
53 69 21
54 58 18
54 59 57
54 60 26
54 61 51
54 62 39
54 63 13
54 64 17
54 65 54
54 66 84
54 67 66
54 68 41
54 69 48
55 58 2
55 59 76
55 60 66
55 61 76
55 62 100
55 63 35
55 64 70
55 65 65
55 66 11
55 67 91
55 68 32
55 69 4
56 58 48
56 59 42
56 60 90
56 61 100
56 62 23
56 63 1
56 64 57
56 65 89
56 66 50
56 67 87
56 68 38
56 69 78
57 58 91
57 59 80
57 60 11
57 61 13
57 62 52
57 63 32
57 64 79
57 65 63
57 66 69
57 67 21
57 68 21
57 69 96
58 70 61
58 71 77
58 72 23
58 73 24
58 74 88
58 75 46
58 76 78
58 77 51
58 78 92
58 79 42
59 70 31
59 71 90
59 72 20
59 73 9
59 74 80
59 75 81
59 76 90
59 77 92
59 78 38
59 79 38
60 70 45
60 71 85
60 72 88
60 73 33
60 74 68
60 75 47
60 76 72
60 77 2
60 78 82
60 79 84
61 70 6
61 71 95
61 72 33
61 73 26
61 74 29
61 75 73
61 76 38
61 77 67
61 78 79
61 79 32
62 70 88
62 71 27
62 72 76
62 73 95
62 74 58
62 75 46
62 76 100
62 77 40
62 78 35
62 79 86
63 70 73
63 71 12
63 72 75
63 73 86
63 74 73
63 75 35
63 76 4
63 77 94
63 78 89
63 79 42
64 70 43
64 71 100
64 72 41
64 73 31
64 74 45
64 75 27
64 76 6
64 77 13
64 78 56
64 79 40
65 70 44
65 71 72
65 72 23
65 73 95
65 74 32
65 75 45
65 76 55
65 77 96
65 78 9
65 79 64
66 70 92
66 71 61
66 72 17
66 73 30
66 74 95
66 75 61
66 76 39
66 77 37
66 78 10
66 79 37
67 70 69
67 71 68
67 72 65
67 73 84
67 74 27
67 75 24
67 76 38
67 77 26
67 78 72
67 79 55
68 70 97
68 71 1
68 72 43
68 73 80
68 74 58
68 75 24
68 76 80
68 77 49
68 78 17
68 79 59
69 70 16
69 71 85
69 72 30
69 73 68
69 74 33
69 75 90
69 76 82
69 77 66
69 78 74
69 79 29
